0.2000	0.1972E-13
0.2094	0.2045E-13
0.2193	0.2119E-13
0.2297	0.2196E-13
0.2405	0.2273E-13
0.2518	0.2352E-13
0.2637	0.2434E-13
0.2761	0.2516E-13
0.2891	0.2601E-13
0.3027	0.2687E-13
0.3170	0.2776E-13
0.3319	0.2866E-13
0.3476	0.2959E-13
0.3639	0.3053E-13
0.3811	0.3150E-13
0.3990	0.3250E-13
0.4178	0.3352E-13
0.4375	0.3457E-13
0.4581	0.3564E-13
0.4797	0.3675E-13
0.5024	0.3789E-13
0.5261	0.3906E-13
0.5508	0.4027E-13
0.5768	0.4152E-13
0.6040	0.4281E-13
0.6325	0.4415E-13
0.6623	0.4555E-13
0.6935	0.4702E-13
0.7262	0.4856E-13
0.7604	0.5020E-13
0.7962	0.5195E-13
0.8337	0.5385E-13
0.8730	0.5593E-13
0.9141	0.5824E-13
0.9573	0.6088E-13
1.002	0.6406E-13
1.050	0.6822E-13
1.099	0.7403E-13
1.151	0.7887E-13
1.205	0.8231E-13
1.262	0.8511E-13
1.321	0.8762E-13
1.384	0.8995E-13
1.449	0.9219E-13
1.517	0.9437E-13
1.589	0.9651E-13
1.664	0.9863E-13
1.742	0.1007E-12
1.824	0.1029E-12
1.910	0.1050E-12
2.000	0.1072E-12
2.094	0.1093E-12
2.193	0.1115E-12
2.296	0.1137E-12
2.405	0.1160E-12
2.518	0.1183E-12
2.637	0.1206E-12
2.761	0.1229E-12
2.891	0.1253E-12
3.027	0.1277E-12
3.170	0.1302E-12
3.319	0.1327E-12
3.476	0.1352E-12
3.639	0.1377E-12
3.811	0.1403E-12
3.990	0.1428E-12
4.179	0.1454E-12
4.375	0.1480E-12
4.581	0.1506E-12
4.798	0.1532E-12
5.023	0.1558E-12
5.260	0.1584E-12
5.508	0.1610E-12
5.768	0.1636E-12
6.040	0.1661E-12
6.324	0.1686E-12
6.622	0.1712E-12
6.935	0.1737E-12
7.262	0.1762E-12
7.603	0.1788E-12
7.962	0.1813E-12
8.337	0.1839E-12
8.730	0.1865E-12
9.142	0.1892E-12
9.573	0.1919E-12
10.02	0.1946E-12
10.50	0.1973E-12
10.99	0.2001E-12
11.51	0.2029E-12
12.05	0.2058E-12
12.62	0.2087E-12
13.21	0.2116E-12
13.84	0.2146E-12
14.49	0.2175E-12
15.17	0.2205E-12
15.89	0.2235E-12
16.64	0.2265E-12
17.42	0.2296E-12
18.24	0.2326E-12
19.10	0.2356E-12
20.00	0.2387E-12
