0.2000	0.9525E-13
0.2114	0.9450E-13
0.2234	0.9373E-13
0.2360	0.9294E-13
0.2494	0.9215E-13
0.2636	0.9134E-13
0.2786	0.9046E-13
0.2944	0.8963E-13
0.3111	0.8879E-13
0.3287	0.8793E-13
0.3474	0.8706E-13
0.3671	0.8617E-13
0.3879	0.8526E-13
0.4100	0.8434E-13
0.4332	0.8341E-13
0.4578	0.8247E-13
0.4838	0.8150E-13
0.5113	0.8055E-13
0.5403	0.7959E-13
0.5710	0.7863E-13
0.6034	0.7767E-13
0.6377	0.7672E-13
0.6739	0.7578E-13
0.7121	0.7486E-13
0.7525	0.7396E-13
0.7953	0.7310E-13
0.8404	0.7229E-13
0.8881	0.7154E-13
0.9385	0.7086E-13
0.9918	0.7028E-13
1.048	0.6981E-13
1.108	0.6947E-13
1.170	0.6930E-13
1.237	0.6930E-13
1.307	0.6950E-13
1.381	0.6992E-13
1.460	0.7055E-13
1.543	0.7138E-13
1.630	0.7241E-13
1.723	0.7362E-13
1.821	0.7498E-13
1.924	0.7648E-13
2.033	0.7811E-13
2.149	0.7985E-13
2.271	0.8170E-13
2.399	0.8365E-13
2.536	0.8569E-13
2.680	0.8783E-13
2.832	0.9007E-13
2.992	0.9240E-13
3.162	0.9484E-13
3.342	0.9738E-13
3.531	0.1000E-12
3.732	0.1028E-12
3.944	0.1057E-12
4.167	0.1088E-12
4.404	0.1120E-12
4.654	0.1154E-12
4.918	0.1189E-12
5.197	0.1227E-12
5.493	0.1266E-12
5.805	0.1307E-12
6.134	0.1351E-12
6.482	0.1396E-12
6.850	0.1443E-12
7.238	0.1492E-12
7.650	0.1543E-12
8.084	0.1595E-12
8.543	0.1650E-12
9.028	0.1706E-12
9.540	0.1764E-12
10.08	0.1823E-12
10.65	0.1884E-12
11.26	0.1947E-12
11.90	0.2011E-12
12.57	0.2078E-12
13.29	0.2146E-12
14.04	0.2217E-12
14.84	0.2290E-12
15.68	0.2365E-12
16.57	0.2443E-12
17.51	0.2523E-12
18.51	0.2606E-12
19.56	0.2692E-12
20.67	0.2781E-12
21.84	0.2873E-12
23.08	0.2967E-12
24.39	0.3064E-12
25.78	0.3164E-12
27.24	0.3265E-12
28.79	0.3369E-12
30.42	0.3473E-12
32.15	0.3578E-12
33.97	0.3683E-12
35.90	0.3787E-12
37.94	0.3890E-12
40.09	0.3990E-12
42.36	0.4087E-12
44.77	0.4181E-12
47.31	0.4271E-12
50.00	0.4358E-12

